==================
test 1:
student:
0 2147483647
1 2147483647
2 2147483647
3 2147483647
4 2147483647
5 2147483647
6 2147483647
7 2147483647
8 2147483647
2147483647
2147483647
0
2147483647
85
40
2147483647
2147483647
2147483647
80
2147483647
85
80
70
2147483647
60
45
75
22
0
40
25
22
0
40
25
22
0
40
25
22
0
1
2
5
2
5
6
2

grader:
0
1
2
3
2
5
6
2

==================
test 2:
student:
0 2147483647
1 2147483647
2 2147483647
3 2147483647
4 2147483647
5 2147483647
6 2147483647
7 2147483647
8 2147483647
2147483647
2147483647
0
13
2147483647
2147483647
2147483647
6
9
2147483647
2147483647
2147483647
8
11
2
5
3
2
5
3
2
12
4
2
9
0
5
6
2
5
4
5
6
7
0
2

grader:
2
5
4
5
6
7
0
2

==================
test 3:
student:
0 2147483647
1 2147483647
2 2147483647
3 2147483647
4 2147483647
5 2147483647
6 2147483647
7 2147483647
8 2147483647
2147483647
2147483647
0
13
2147483647
2147483647
2147483647
6
9
2147483647
2147483647
2147483647
8
19
2
5
3
2
5
3
2
12
4
2
9
5
8
6
7
5
4
5
6
7
0
7

grader:
7
5
4
5
6
7
0
7

==================
test 4:
student:
0 2147483647
1 2147483647
2 2147483647
3 2147483647
4 2147483647
5 2147483647
6 2147483647
7 2147483647
8 2147483647
2147483647
2147483647
0
13
2147483647
2147483647
2147483647
2147483647
6
9
2147483647
20
2147483647
1
11
2
5
3
2
6
5
3
2
6
5
3
2
6
12
4
2
9
2
5
4
5
6
7
0
2

grader:
2
5
4
5
6
7
0
2

==================
test 5:
student:
0 2147483647
1 2147483647
2 2147483647
3 2147483647
4 2147483647
5 2147483647
6 2147483647
7 2147483647
8 2147483647
2147483647
2147483647
0
13
2147483647
2147483647
2147483647
2147483647
31
6
12
20
2147483647
9
7
10
2147483647
14
10
5
7
3
5
6
7
3
5
6
7
3
5
6
2
8
4
5
2
8
0
7

grader:
2
8
4
5
2
8
0
7

